9.000000000000000000e+00
8.815688475164796145e+00
8.644041122789433373e+00
8.483596415773886790e+00
8.333124890035163546e+00
8.191583050077033690e+00
8.058078113658739383e+00
7.931840682108451723e+00
7.812203297561246096e+00
7.698583433779235818e+00
7.590469868331526371e+00
7.487411663491207570e+00
7.389009181123025627e+00
7.294906698950359925e+00
7.204786298981008308e+00
7.118362775004070997e+00
7.035379362761982946e+00
6.955604139057444790e+00
6.878826968461987157e+00
6.804856901136591141e+00
6.733519944482227793e+00
6.664657146305756896e+00
6.598122938937868831e+00
6.533783703030299428e+00
6.471516517153498960e+00
6.411208065237496534e+00
6.352753678668824122e+00
6.296056493720903369e+00
6.241026708142523916e+00
6.187580923305344704e+00
6.135641560430260100e+00
6.085136341163276619e+00
6.035997824224546449e+00
5.988162991065041574e+00
5.941572874478428190e+00
5.896172224966566233e+00
5.851909210374313552e+00
5.808735144916057358e+00
5.766604244231261056e+00
5.725473403544927287e+00
5.685301996383297585e+00
5.646051691616034596e+00
5.607686286871733650e+00
5.570171556611192898e+00
5.533475113347936514e+00
5.497566280683232165e+00
5.462415976977061938e+00
5.427996608610813567e+00
5.394281971914488771e+00
5.361247162933708843e+00
5.328868494301429948e+00
5.297123418558080665e+00
5.265990457333143304e+00
5.235449135862237036e+00
5.205479922367782564e+00
5.176064171878997477e+00
5.147184074109362406e+00
5.118822605047186336e+00
5.090963481948441505e+00
5.063591121450697230e+00
5.036690600553639818e+00
5.010247620235401378e+00
4.984248471495155819e+00
4.958680003631524613e+00
4.933529594583444755e+00
4.908785123175522180e+00
4.884434943123747708e+00
4.860467858669922592e+00
4.836873101724449064e+00
4.813640310407246048e+00
4.790759508885846785e+00
4.768221088417998743e+00
4.746015789513738703e+00
4.724134685138705159e+00
4.702569164886764241e+00
4.681310920055659075e+00
4.660351929564614082e+00
4.639684446657517114e+00
4.619300986339609061e+00
4.599194313499597619e+00
4.579357431672650414e+00
4.559783572403058649e+00
4.540466185168385849e+00
4.521398927829660686e+00
4.502575657574750423e+00
4.483990422324375835e+00
4.465637452572350341e+00
4.447511153633670666e+00
4.429606098275830739e+00
4.411917019710476673e+00
4.394438804924011954e+00
4.377166488327260296e+00
4.360095245705530864e+00
4.343220388451743297e+00
4.326537358066318895e+00
4.310041720908643015e+00
4.293729163185869169e+00
4.277595486165691518e+00
4.261636601600613972e+00
4.245848527351948398e+00
