9.000000000000000000e+00
8.963513735387738990e+00
8.927567181677897423e+00
8.892146517638325420e+00
8.857238432922567739e+00
8.822830099669758397e+00
8.788909149794129405e+00
8.755463653585499273e+00
8.722482099531331912e+00
8.689953375277980285e+00
8.657866749655161343e+00
8.626211855693467712e+00
8.594978674570119992e+00
8.564157520422989833e+00
8.533739025977375547e+00
8.503714128934172223e+00
8.474074059071686094e+00
8.444810326016924051e+00
8.415914707645251625e+00
8.387379239070229531e+00
8.359196202188167391e+00
8.331358115744313508e+00
8.303857725889905339e+00
8.276687997201413793e+00
8.249842104135204579e+00
8.223313422892683633e+00
8.197095523672553341e+00
8.171182163288408518e+00
8.145567278131325750e+00
8.120244977458316527e+00
8.095209536988832610e+00
8.070455392792567295e+00
8.045977135452902829e+00
8.021769504491267355e+00
7.997827383038597304e+00
7.974145792740987559e+00
7.950719888887282316e+00
7.927544955747224620e+00
7.904616402109338580e+00
7.881929757008488302e+00
7.859480665633478580e+00
7.837264885405784476e+00
7.815278282220923245e+00
7.793516826844462564e+00
7.771976591455152850e+00
7.750653746328064031e+00
7.729544556651014808e+00
7.708645379467959913e+00
7.687952660743315292e+00
7.667462932541592835e+00
7.647172810316949843e+00
7.627078990307588846e+00
7.607178247030224938e+00
7.587467430870025176e+00
7.567943465761752364e+00
7.548603346958019600e+00
7.529444138880759141e+00
7.510462973052226765e+00
7.491657046102114137e+00
7.473023617847356803e+00
7.454560009441592250e+00
7.436263601591193151e+00
7.418131832835109130e+00
7.400162197885758353e+00
7.382352246028441201e+00
7.364699579576788224e+00
7.347201852381983755e+00
7.329856768393458566e+00
7.312662080269039855e+00
7.295615588032472232e+00
7.278715137776426758e+00
7.261958620409174614e+00
7.245343970443190784e+00
7.228869164823970017e+00
7.212532221797578025e+00
7.196331199815303670e+00
7.180264196474044347e+00
7.164329347491043443e+00
7.148524825711612074e+00
7.132848840148623637e+00
7.117299635052554585e+00
7.101875489010923914e+00
7.086574714076029124e+00
7.071395654919927942e+00
7.056336688015652392e+00
7.041396220843701315e+00
7.026572691122856540e+00
7.011864566064493154e+00
6.997270341649469039e+00
6.982788541926825410e+00
6.968417718333516753e+00
6.954156449034408993e+00
6.940003338281818479e+00
6.925957015793950511e+00
6.912016136151520662e+00
6.898179378211979795e+00
6.884445444540688186e+00
6.870813060858501409e+00
6.857280975505152476e+00
6.843847958917972818e+00
