9.000000000000000000e+00
8.933174930662596935e+00
8.868061228669381180e+00
8.804582617008284373e+00
8.742667648977954897e+00
8.682249310386163543e+00
8.623264665229340764e+00
8.565654535838735484e+00
8.509363213562680883e+00
8.454338196566352437e+00
8.400529951767545356e+00
8.347891698301696195e+00
8.296379210230984569e+00
8.245950636489824959e+00
8.196566336298522160e+00
8.148188728484338839e+00
8.100782153329463497e+00
8.054312745722143063e+00
8.008748318524105514e+00
7.964058255187095092e+00
7.920213410756065109e+00
7.877186020488898599e+00
7.834949615403314915e+00
7.793478944133287456e+00
7.752749900540329087e+00
7.712739456580892217e+00
7.673425599980750356e+00
7.634787276311120863e+00
7.596804335100585170e+00
7.559457479651689127e+00
7.522728220262273169e+00
7.486598830579491270e+00
7.451052306839372363e+00
7.416072329767154692e+00
7.381643228933789658e+00
7.347749949381961798e+00
7.314378020351370857e+00
7.281513525947598708e+00
7.249143077612193231e+00
7.217253788263562342e+00
7.185833247989115158e+00
7.154869501178925617e+00
7.124351025000080995e+00
7.094266709119051662e+00
7.064605836586681953e+00
7.035358065807205463e+00
7.006513413518738354e+00
6.978062238718325538e+00
6.949995227469659476e+00
6.922303378536307505e+00
6.894977989787489214e+00
6.868010645327379926e+00
6.841393203302509107e+00
6.815117784345029683e+00
6.789176760612790851e+00
6.763562745389748443e+00
6.738268583212938090e+00
6.713287340494527022e+00
6.688612296609613317e+00
6.664236935422466424e+00
6.640154937225740461e+00
6.616360171068882856e+00
6.592846687453552512e+00
6.569608711375284571e+00
6.546640635692068777e+00
6.523937014801627576e+00
6.501492558610463490e+00
6.479302126778764936e+00
6.457360723226248211e+00
6.435663490884960147e+00
6.414205706685926600e+00
6.392982776767344610e+00
6.371990231892725731e+00
6.351223723068132543e+00
6.330679017348278315e+00
6.310351993821887717e+00
6.290238639767228968e+00
6.270335046969325532e+00
6.250637408190795163e+00
6.231142013788728562e+00
6.211845248470496017e+00
6.192743588181691905e+00
6.173833597119900318e+00
6.155111924868243989e+00
6.136575303643021506e+00
6.118220545650102871e+00
6.100044540544963922e+00
6.082044252991574140e+00
6.064216720315585896e+00
6.046559050247519274e+00
6.029068418751847958e+00
6.011742067938135037e+00
5.994577304050547895e+00
5.977571495532265189e+00
5.960722071161480784e+00
5.944026518255877356e+00
5.927482380942591611e+00
5.911087258490831609e+00
5.894838803704499419e+00
5.878734721372203431e+00
