9.000000000000000000e+00
8.951333729379150839e+00
8.903592799667620739e+00
8.856746555194941806e+00
8.810765793676466728e+00
8.765622673124063624e+00
8.721290629811873529e+00
8.677744302290482992e+00
8.634959460924299890e+00
8.592912942479255634e+00
8.551582589334460138e+00
8.510947192932682981e+00
8.470986441121324262e+00
8.431680869068502560e+00
8.393011813468080007e+00
8.354961369773882041e+00
8.317512352226842154e+00
8.280648256460001022e+00
8.244353224485298171e+00
8.208612011883236192e+00
8.173409957031905648e+00
8.138732952225861794e+00
8.104567416547896030e+00
8.070900270368145613e+00
8.037718911355373308e+00
8.005011191894546130e+00
7.972765397813446064e+00
7.940970228328706249e+00
7.909614777128760821e+00
7.878688514517611097e+00
7.848181270549162036e+00
7.818083219087244906e+00
7.788384862731309255e+00
7.759077018552279270e+00
7.730150804587112567e+00
7.701597627044423966e+00
7.673409168176942075e+00
7.645577374779691127e+00
7.618094447275843173e+00
7.590952829354662867e+00
7.564145198128620073e+00
7.537664454778874479e+00
7.511503715660536429e+00
7.485656303840977799e+00
7.460115741046255522e+00
7.434875739992412136e+00
7.409930197079883207e+00
7.385273185430716758e+00
7.360898948249540830e+00
7.336801892490526278e+00
7.312976582813647042e+00
7.289417735814605059e+00
7.266120214513784425e+00
7.243079023090470692e+00
7.220289301849442509e+00
7.197746322407760466e+00
7.175445483090440391e+00
7.153382304524205537e+00
7.131552425419299901e+00
7.109951598529826278e+00
7.088575686783694429e+00
7.067420659573756758e+00
7.046482589202160973e+00
7.025757647470479483e+00
7.005242102408473670e+00
6.984932315134915193e+00
6.964824736844064113e+00
6.944915905911923204e+00
6.925202445116591221e+00
6.905681058967415353e+00
6.886348531137882034e+00
6.867201721997512998e+00
6.848237566238192464e+00
6.829453070590714603e+00
6.810845311627433674e+00
6.792411433647216334e+00
6.774148646639018168e+00
6.756054224320649837e+00
6.738125502249425303e+00
6.720359876001585242e+00
6.702754799417522946e+00
6.685307782910018481e+00
6.668016391832773948e+00
6.650878244906719416e+00
6.633891012701676360e+00
6.617052416171047113e+00
6.600360225237380085e+00
6.583812257426663983e+00
6.567406376549412172e+00
6.551140491426617807e+00
6.535012554658766071e+00
6.519020561436190242e+00
6.503162548389137321e+00
6.487436592475945396e+00
6.471840809907861036e+00
6.456373355109059631e+00
6.441032419710500889e+00
6.425816231576320092e+00
6.410723053861508092e+00
6.395751184099682796e+00
