9.000000000000000000e+00
8.827069509630286248e+00
8.665198144494365096e+00
8.513188367231498077e+00
8.370021656652792075e+00
8.234824929551159300e+00
8.106844439936747193e+00
7.985425246442618530e+00
7.869994885699608922e+00
7.760050262212979888e+00
7.655147025993858989e+00
7.554890894368579524e+00
7.458930507752703498e+00
7.366951506471631994e+00
7.278671587539632171e+00
7.193836353925985527e+00
7.112215809269931022e+00
7.033601381789516438e+00
6.957803384775004929e+00
6.884648839372938589e+00
6.813979599664569342e+00
6.745650731285984136e+00
6.679529103740858176e+00
6.615492163653034829e+00
6.553426861897455602e+00
6.493228712138811254e+00
6.434800962031357763e+00
6.378053861369827437e+00
6.322904013970015669e+00
6.269273802106683391e+00
6.217090874031299563e+00
6.166287686500319332e+00
6.116801095419063472e+00
6.068571988690108832e+00
6.021544956181859476e+00
5.975667992430730990e+00
5.930892228280923106e+00
5.887171688167620154e+00
5.844463070176858288e+00
5.802725546380908206e+00
5.761920581261253282e+00
5.722011766300698632e+00
5.682964669058338636e+00
5.644746695241910750e+00
5.607326962466057552e+00
5.570676184536082154e+00
5.534766565228531832e+00
5.499571700654724005e+00
5.465066489393880289e+00
5.431227049670634521e+00
5.398030642929056988e+00
5.365455603223493242e+00
5.333481271906580723e+00
5.302087937147928365e+00
5.271256777863936094e+00
5.240969811680915136e+00
5.211209846590730166e+00
5.181960435991127767e+00
5.153205836832277953e+00
5.124930970617315396e+00
5.097121387028109574e+00
5.069763229968466511e+00
5.042843205835830567e+00
5.016348553849478087e+00
4.990267018278353284e+00
4.964586822425455459e+00
4.939296644238017286e+00
4.914385593423838294e+00
4.889843189964290460e+00
4.865659343923562474e+00
4.841824336462035028e+00
4.818328801969160580e+00
4.795163711238038751e+00
4.772320355610086828e+00
4.749790332023841266e+00
4.727565528907048176e+00
4.705638112855930366e+00
4.684000516049779073e+00
4.662645424352922063e+00
4.641565766059722264e+00
4.620754701241539308e+00
4.600205611657568916e+00
4.579912091194289658e+00
4.559867936800690913e+00
4.540067139888886771e+00
4.520503878171775902e+00
4.501172507911443077e+00
4.482067556553765542e+00
4.463183715726398937e+00
4.444515834578849578e+00
4.426058913444763654e+00
4.407808097807887293e+00
4.389758672554395780e+00
4.371906056495364901e+00
4.354245797144259633e+00
4.336773565735283498e+00
4.319485152469256128e+00
4.302376461974653843e+00
4.285443508972090143e+00
4.268682414131321323e+00
