9.000000000000000000e+00
8.967492795985876342e+00
8.935296566526170992e+00
8.903405266001167107e+00
8.871813007656202288e+00
8.840514057400712389e+00
8.809502828557963738e+00
8.778773876835570533e+00
8.748321895505860368e+00
8.718141710785594967e+00
8.688228277405379174e+00
8.658576674359441228e+00
8.629182100827126334e+00
8.600039872257845275e+00
8.571145416611720691e+00
8.542494270748571594e+00
8.514082076958331413e+00
8.485904579626248889e+00
8.457957622026748723e+00
8.430237143239979858e+00
8.402739175185541143e+00
8.375459839768055303e+00
8.348395346129596106e+00
8.321541988004229395e+00
8.294896141170152504e+00
8.268454260995138583e+00
8.242212880071257075e+00
8.216168605934994318e+00
8.190318118869106101e+00
8.164658169782724073e+00
8.139185578166417301e+00
8.113897230119025750e+00
8.088790076443322263e+00
8.063861130807575606e+00
8.039107467970378451e+00
8.014526222066084671e+00
7.990114584948447174e+00
7.965869804590054670e+00
7.941789183535377106e+00
7.917870077405238405e+00
7.894109893450727888e+00
7.870506089154537754e+00
7.847056170877965364e+00
7.823757692551697396e+00
7.800608254408770925e+00
7.777605501758076301e+00
7.754747123796785324e+00
7.732030852460352044e+00
7.709454461308553164e+00
7.687015764446290866e+00
7.664712615477841773e+00
7.642542906493300592e+00
7.620504567086075376e+00
7.598595563400233566e+00
7.576813897206680970e+00
7.555157605007104316e+00
7.533624757164651520e+00
7.512213457060454402e+00
7.490921840275015953e+00
7.469748073793637033e+00
7.448690355234982796e+00
7.427746912102047183e+00
7.406916001054669074e+00
7.386195907202917077e+00
7.365584943420573794e+00
7.345081449678075636e+00
7.324683792394234949e+00
7.304390363806081865e+00
7.284199581356273434e+00
7.264109887097425222e+00
7.244119747112847563e+00
7.224227650953118918e+00
7.204432111087986534e+00
7.184731662373097905e+00
7.165124861531057654e+00
7.145610286646390641e+00
7.126186536673907668e+00
7.106852230960098993e+00
7.087606008777110667e+00
7.068446528868894241e+00
7.049372469009203002e+00
7.030382525570978203e+00
7.011475413106867727e+00
6.992649863940437527e+00
6.973904627767815612e+00
6.955238471269435507e+00
6.936650177731515043e+00
6.918138546677084832e+00
6.899702393506150777e+00
6.881340549144820962e+00
6.863051859703080737e+00
6.844835186140941552e+00
6.826689403942785894e+00
6.808613402799574388e+00
6.790606086298767607e+00
6.772666371621693493e+00
6.754793189248149865e+00
6.736985482668044867e+00
6.719242208099879932e+00
6.701562334215848793e+00
