9.000000000000000000e+00
8.899966106263461185e+00
8.803749133554685358e+00
8.711098511591254479e+00
8.621786806317651042e+00
8.535606989484620044e+00
8.452370100085273563e+00
8.371903229242581901e+00
8.294047776513643555e+00
8.218657935064097586e+00
8.145599370729941668e+00
8.074748066051785855e+00
8.005989305262541933e+00
7.939216780182110966e+00
7.874331800212966748e+00
7.811242592286714803e+00
7.749863678799819411e+00
7.690115323386844004e+00
7.631923035884222273e+00
7.575217129092847834e+00
7.519932320999563657e+00
7.466007377002170209e+00
7.413384787428941358e+00
7.362010476275996140e+00
7.311833537623054546e+00
7.262805996646128470e+00
7.214882592537330552e+00
7.168020580977943368e+00
7.122179554099669296e+00
7.077321276118341054e+00
7.033409533039635342e+00
6.990409995023305179e+00
6.948290090154713994e+00
6.907018888513880128e+00
6.866566995555834829e+00
6.826906453924033613e+00
6.788010652913449405e+00
6.749854244883252363e+00
6.712413067992287097e+00
6.675664074695346173e+00
6.639585265495396627e+00
6.604155627497625858e+00
6.569355077356100914e+00
6.535164408243813838e+00
6.501565240512420019e+00
6.468539975739737713e+00
6.436071753891368097e+00
6.404144413348141107e+00
6.372742453573803978e+00
6.341851000217728185e+00
6.311455772465683900e+00
6.281543052468248511e+00
6.252099656691164853e+00
6.223112909045436680e+00
6.194570615666926017e+00
6.166461041226256157e+00
6.138772886659626948e+00
6.111495268220164867e+00
6.084617697757583876e+00
6.058130064141271198e+00
6.032022615748720895e+00
6.006285943947310635e+00
5.980910967503005438e+00
5.955888917854718301e+00
5.931211325197651263e+00
5.906870005323238360e+00
5.882857047167207476e+00
5.859164801020832591e+00
5.835785867363735946e+00
5.812713086279587493e+00
5.789939527418844101e+00
5.767458480475161409e+00
5.745263446144498687e+00
5.723348127538028685e+00
5.701706422022024157e+00
5.680332413459632690e+00
5.659220364831227812e+00
5.638364711211510283e+00
5.617760053083017624e+00
5.597401149967053513e+00
5.577282914354205090e+00
5.557400405917862329e+00
5.537748825995135071e+00
5.518323512320603363e+00
5.499119933999210730e+00
5.480133686705499052e+00
5.461360488097128041e+00
5.442796173431408313e+00
5.424436691374246777e+00
5.406278099991477681e+00
5.388316562913279206e+00
5.370548345662789380e+00
5.352969812140650596e+00
5.335577421257646336e+00
5.318367723708072425e+00
5.301337358876870631e+00
5.284483051874014237e+00
5.267801610689902603e+00
5.251289923465985332e+00
5.234944955875060479e+00
