9.000000000000000000e+00
8.968309634478131898e+00
8.936736619801841641e+00
8.905279222220643831e+00
8.873935734213155513e+00
8.842704473296599588e+00
8.811583781504573665e+00
8.780572024878322779e+00
8.749667592971091423e+00
8.718868898365137454e+00
8.688174376201104110e+00
8.657582483719282962e+00
8.627091699812529768e+00
8.596700524590376702e+00
8.566407478954122467e+00
8.536211104182475751e+00
8.506109961527558383e+00
8.476102631820864985e+00
8.446187715088976589e+00
8.416363830178701377e+00
8.386629614391400978e+00
8.356983723126221619e+00
8.327424829532024120e+00
8.297951624167708928e+00
8.268562814670762151e+00
8.239257125433752549e+00
8.210033297288596543e+00
8.180890087198353200e+00
8.151826267956366223e+00
8.122840627892522036e+00
8.093931970586483615e+00
8.065099114587672702e+00
8.036340893141826314e+00
8.007656153923985443e+00
7.979043758777702777e+00
7.950502583460338002e+00
7.922031517394282574e+00
7.893629463423928350e+00
7.865295337578293022e+00
7.837028068839077655e+00
7.808826598914108352e+00
7.780689882015933811e+00
7.752616884645545881e+00
7.724606585380992207e+00
7.696657974670860547e+00
7.668770054632436661e+00
7.640941838854457657e+00
7.613172352204355064e+00
7.585460630639839330e+00
7.557805721024781320e+00
7.530206680949218523e+00
7.502662578553461081e+00
7.475172492356129794e+00
7.447735511086072790e+00
7.420350733518092490e+00
7.393017268312322088e+00
7.365734233857240909e+00
7.338500758116207834e+00
7.311315978477428423e+00
7.284179041607303340e+00
7.257089103307054145e+00
7.230045328372583846e+00
7.203046890457454943e+00
7.176092971938966336e+00
7.149182763787236716e+00
7.122315465437205617e+00
7.095490284663552139e+00
7.068706437458387448e+00
7.041963147911736165e+00
7.015259648094705369e+00
6.988595177945277293e+00
6.961968985156713252e+00
6.935380325068468466e+00
6.908828460559602647e+00
6.882312661944592236e+00
6.855832206871554035e+00
6.829386380222780772e+00
6.802974474017542406e+00
6.776595787317168273e+00
6.750249626132286629e+00
6.723935303332222446e+00
6.697652138556518864e+00
6.671399458128497884e+00
6.645176594970882533e+00
6.618982888523377461e+00
6.592817684662215072e+00
6.566680335621624565e+00
6.540570199917153715e+00
6.514486642270870043e+00
6.488429033538332114e+00
6.462396750637380727e+00
6.436389176478637175e+00
6.410405699897743226e+00
6.384445715589269099e+00
6.358508624042276125e+00
6.332593831477518087e+00
6.306700749786218196e+00
6.280828796470436792e+00
6.254977394584956940e+00
6.229145972680719900e+00
