9.000000000000000000e+00
8.953497240133078350e+00
8.907842198007537959e+00
8.863007941306090487e+00
8.818968763929440513e+00
8.775700109570465202e+00
8.733178505093885491e+00
8.691381498637955616e+00
8.650287602043801982e+00
8.609876237255809528e+00
8.570127686370284437e+00
8.531023045039564323e+00
8.492544178965955481e+00
8.454673683243804305e+00
8.417394844329869841e+00
8.380691604441610210e+00
8.344548528200519399e+00
8.308950771353515563e+00
8.273884051419646113e+00
8.239334620122237496e+00
8.205289237478364583e+00
8.171735147428046631e+00
8.138660054895115792e+00
8.106052104180578866e+00
8.073899858596965018e+00
8.042192281259616493e+00
8.010918716957256436e+00
7.980068875030224440e+00
7.949632813190258496e+00
7.919600922220634054e+00
7.889963911500124105e+00
7.860712795298351097e+00
7.831838879793952657e+00
7.803333750770561572e+00
7.775189261948769470e+00
7.747397523915201312e+00
7.719950893612622878e+00
7.692841964357467255e+00
7.666063556353500452e+00
7.639608707672489452e+00
7.613470665674662463e+00
7.587642878843668726e+00
7.562118989012301284e+00
7.536892823956921283e+00
7.511958390339888325e+00
7.487309866980654149e+00
7.462941598437430102e+00
7.438848088882498821e+00
7.415023996255221128e+00
7.391464126677920632e+00
7.368163429120611951e+00
7.345116990301503002e+00
7.322320029810885700e+00
7.299767895446916732e+00
7.277456058752316714e+00
7.255380110741815436e+00
7.233535757810662936e+00
7.211918817815138993e+00
7.190525216316483892e+00
7.169350982980246201e+00
7.148392248123365711e+00
7.127645239401865673e+00
7.107106278632373098e+00
7.086771778741050021e+00
7.066638240833913898e+00
7.046702251382809479e+00
7.026960479521640934e+00
7.007409674447769632e+00
6.988046662923683705e+00
6.968868346874419473e+00
6.949871701076354213e+00
6.931053770933256253e+00
6.912411670335717240e+00
6.893942579600255804e+00
6.875643743484542547e+00
6.857512469275503619e+00
6.839546124947042394e+00
6.821742137384442017e+00
6.804097990672558716e+00
6.786611224445098678e+00
6.769279432292427678e+00
6.752100260225383010e+00
6.735071405192852190e+00
6.718190613650802057e+00
6.701455680180695929e+00
6.684864446155277307e+00
6.668414798449756375e+00
6.652104668196630044e+00
6.635932029582335190e+00
6.619894898684088425e+00
6.603991332345349186e+00
6.588219427088329638e+00
6.572577318062155172e+00
6.557063178025294370e+00
6.541675216360867573e+00
6.526411678123678506e+00
6.511270843117669571e+00
6.496251025002696800e+00
6.481350570429515123e+00
6.466567858201903718e+00
