9.000000000000000000e+00
8.916410118936884288e+00
8.835322665746492277e+00
8.756605373519123603e+00
8.680135809561337012e+00
8.605800434717192360e+00
8.533493773397516691e+00
8.463117677530734184e+00
8.394580672014624767e+00
8.327797371118760950e+00
8.262687956842666992e+00
8.199177711534394675e+00
8.137196598163557226e+00
8.076678882559999550e+00
8.017562792703950336e+00
7.959790210810082201e+00
7.903306394506304677e+00
7.848059723884642125e+00
7.794001471609080411e+00
7.741085593615300020e+00
7.689268538238334116e+00
7.638509071864116429e+00
7.588768119425823855e+00
7.540008618260979567e+00
7.492195384015102100e+00
7.445294987425421063e+00
7.399275640947557520e+00
7.354107094301173930e+00
7.309760538109857819e+00
7.266208514897925852e+00
7.223424836783599368e+00
7.181384509276101724e+00
7.140063660644138110e+00
7.099439476376554481e+00
7.059490138303106121e+00
7.020194767985413975e+00
6.981533374025453043e+00
6.943486802972391736e+00
6.906036693538416316e+00
6.869165433860795034e+00
6.832856121571460939e+00
6.797092526456758321e+00
6.761859055509367167e+00
6.727140720191769674e+00
6.692923105746234391e+00
6.659192342400470643e+00
6.625935078330868144e+00
6.593138454256731507e+00
6.560790079549446929e+00
6.528878009749948141e+00
6.497390725396499533e+00
6.466317112072636597e+00
6.435646441592203004e+00
6.405368354244931339e+00
6.375472842031957299e+00
6.345950232826012893e+00
6.316791175396003766e+00
6.287986625240193916e+00
6.259527831176355583e+00
6.231406322641023898e+00
6.203613897653451836e+00
6.176142611403127702e+00
6.148984765422516041e+00
6.122132897309530364e+00
6.095579770966607747e+00
6.069318367325614361e+00
6.043341875529873342e+00
6.017643684546594152e+00
5.992217375184742068e+00
5.967056712495057980e+00
5.942155638530498329e+00
5.917508265446742577e+00
5.893108868923763843e+00
5.868951881890673405e+00
5.845031888537171483e+00
5.821343618595991032e+00
5.797881941881707135e+00
5.774641863072170089e+00
5.751618516719691598e+00
5.728807162479858661e+00
5.706203180546642884e+00
5.683802067283063586e+00
5.661599431037395824e+00
5.639590988135434912e+00
5.617772559039917013e+00
5.596140064668688296e+00
5.574689522863727653e+00
5.553417045003554264e+00
5.532318832751982107e+00
5.511391174936557391e+00
5.490630444550461675e+00
5.470033095871872142e+00
5.449595661695251891e+00
5.429314750669222533e+00
5.409187044736025740e+00
5.389209296667839766e+00
5.369378327695430997e+00
5.349691025224928786e+00
5.330144340638645062e+00
5.310735287176152397e+00
