9.000000000000000000e+00
8.809574720200780362e+00
8.632669611465042081e+00
8.467671889962186782e+00
8.313233197693865151e+00
8.168215441127122389e+00
8.031649746573748416e+00
7.902704905252994294e+00
7.780662800396718204e+00
7.664899047631475781e+00
7.554867580320063780e+00
7.450088256686549393e+00
7.350136807528354410e+00
7.254636615540946742e+00
7.163251941557147617e+00
7.075682303828251918e+00
6.991657783635806034e+00
6.910935080729689872e+00
6.833294180001894702e+00
6.758535519707007388e+00
6.686477573767321658e+00
6.616954777935359466e+00
6.549815743054867134e+00
6.484921709262697398e+00
6.422145203376392608e+00
6.361368868414906785e+00
6.302484439579492559e+00
6.245391845364530070e+00
6.189998415993200886e+00
6.136218184249160323e+00
6.083971266134029499e+00
6.033183310723768678e+00
5.983785010205211030e+00
5.935711662410792400e+00
5.888902779285094091e+00
5.843301735651545314e+00
5.798855453433757745e+00
5.755514117149463260e+00
5.713230917057015468e+00
5.671961816811927015e+00
5.631665342898041438e+00
5.592302393446033193e+00
5.553836064350418766e+00
5.516231490853076735e+00
5.479455702982621190e+00
5.443477493430457947e+00
5.408267296610318908e+00
5.373797077792229260e+00
5.340040231327538578e+00
5.306971487091288076e+00
5.274566824364126383e+00
5.242803392460122502e+00
5.211659437480839152e+00
5.181114234640940452e+00
5.151148025668232044e+00
5.121741960831620588e+00
5.092878045195496917e+00
5.064539088738882811e+00
5.036708660013070826e+00
5.009371043043055138e+00
4.982511197206099141e+00
4.956114719845916561e+00
4.930167811403351585e+00
4.904657242864560729e+00
4.879570325345697235e+00
4.854894881649314264e+00
4.830619219642252382e+00
4.806732107317880143e+00
4.783222749417408437e+00
4.760080765495658284e+00
4.737296169326324247e+00
4.714859349550518886e+00
4.692761051480307088e+00
4.670992359976121833e+00
4.649544683323477479e+00
4.628409738040354604e+00
4.607579534552018075e+00
4.587046363674958549e+00
4.566802783856145354e+00
4.546841609117896255e+00
4.527155897662380468e+00
4.507738941093270668e+00
4.488584254215134628e+00
4.469685565374073022e+00
4.451036807305777998e+00
4.432632108459553244e+00
4.414465784769131318e+00
4.396532331843147290e+00
4.378826417550007122e+00
4.361342874973674455e+00
4.344076695718442238e+00
4.327023023542326818e+00
4.310177148299978889e+00
4.293534500177395685e+00
4.277090644201773095e+00
4.260841275011018503e+00
4.244782211868378674e+00
4.228909393908607761e+00
4.213218875602960267e+00
4.197706822431053197e+00
