9.000000000000000000e+00
8.878802267378857138e+00
8.763240618952407246e+00
8.652867403773289112e+00
8.547284703816659501e+00
8.446137315909910015e+00
8.349106926167054965e+00
8.255907238447887764e+00
8.166279875993087245e+00
8.079990914066431884e+00
7.996827930955070940e+00
7.916597487406193956e+00
7.839122962220574919e+00
7.764242685524370913e+00
7.691808322114849439e+00
7.621683465902880705e+00
7.553742413363812247e+00
7.487869089442257042e+00
7.423956103828060371e+00
7.361903919153496290e+00
7.301620115628718821e+00
7.243018739067392353e+00
7.186019721262352000e+00
7.130548363334105133e+00
7.076534874058467040e+00
7.023913956335035458e+00
6.972624435927142095e+00
6.922608927419279468e+00
6.873813533026894795e+00
6.826187570477144639e+00
6.779683326675745469e+00
6.734255834298491727e+00
6.689862668808432389e+00
6.646463763710711348e+00
6.604021242124668234e+00
6.562499262983836346e+00
6.521863880374238143e+00
6.482082914694762721e+00
6.443125834474124680e+00
6.404963647810268945e+00
6.367568802512825421e+00
6.330915094129737852e+00
6.294977581127265687e+00
6.259732506570170329e+00
6.225157225717006249e+00
6.191230139005879707e+00
6.157930629959196267e+00
6.125239007583165751e+00
6.093136452879781118e+00
6.061604969126144660e+00
6.030627335609265671e+00
6.000187064534014070e+00
5.970268360848320910e+00
5.940856084753414201e+00
5.911935716688025977e+00
5.883493324594543772e+00
5.855515533292183328e+00
5.827989495797610608e+00
5.800902866447291473e+00
5.774243775688407077e+00
5.748000806416405872e+00
5.722162971747509985e+00
5.696719694123745015e+00
5.671660785656444936e+00
5.646976429621825666e+00
5.622657163029095351e+00
5.598693860187908378e+00
5.575077717207722827e+00
5.551800237366743218e+00
5.528853217293079325e+00
5.506228733904929840e+00
5.483919132060726120e+00
5.461917012873743538e+00
5.440215222649054994e+00
5.418806842403782298e+00
5.397685177934401501e+00
5.376843750397436672e+00
5.356276287372280009e+00
5.335976714377052232e+00
5.315939146810412019e+00
5.296157882294140862e+00
5.276627393392967491e+00
5.257342320689760484e+00
5.238297466195580121e+00
5.219487787075569152e+00
5.200908389672772358e+00
5.182554523813219127e+00
5.164421577376686834e+00
5.146505071118474994e+00
5.128800653728545988e+00
5.111304097115178635e+00
5.094011291901106908e+00
5.076918243120840835e+00
5.060021066108586041e+00
5.043315982566782374e+00
5.026799316805911744e+00
5.010467492146776003e+00
4.994317027476942172e+00
4.978344533953593221e+00
4.962546711845393865e+00
