9.000000000000000000e+00
8.747887059221524098e+00
8.518945404155280343e+00
8.309647963102975154e+00
8.117195204351366655e+00
7.939330014966451188e+00
7.774207633206083656e+00
7.620302144773930308e+00
7.476337903803902840e+00
7.341238335966082218e+00
7.214087110701926875e+00
7.094098275253855057e+00
6.980592987604197219e+00
6.872981179902678761e+00
6.770746954935712658e+00
6.673436843369703553e+00
6.580650277707546181e+00
6.492031801455950379e+00
6.407264649392312883e+00
6.326065420668876449e+00
6.248179630010312735e+00
6.173377969767857465e+00
6.101453151483544168e+00
6.032217222987929617e+00
5.965499278110243608e+00
5.901143492411343949e+00
5.839007431114972668e+00
5.778960585462979083e+00
5.720883101687019412e+00
5.664664673145255236e+00
5.610203571274715806e+00
5.557405795129056081e+00
5.506184322615222726e+00
5.456458449271062605e+00
5.408153202663412706e+00
5.361198822329686919e+00
5.315530296711667546e+00
5.271086949798293730e+00
5.227812071252559534e+00
5.185652584684270039e+00
5.144558749476125570e+00
5.104483892199916717e+00
5.065384164192604288e+00
5.027218322314992882e+00
4.989947530301692247e+00
4.953535178441167197e+00
4.917946719607726003e+00
4.883149519910672254e+00
4.849112722435752865e+00
4.815807122735505708e+00
4.783205054882347262e+00
4.751280287034939320e+00
4.720007925587377251e+00
4.689364327074645900e+00
4.659327017098650714e+00
4.629874615618897238e+00
4.600986768021781081e+00
4.572644081444225073e+00
4.544828065881634238e+00
4.517521079658258998e+00
4.490706278880550961e+00
4.464367570531805995e+00
4.438489568899934845e+00
4.413057555059966219e+00
4.388057439159531725e+00
4.363475725279229778e+00
4.339299478661076570e+00
4.315516295117162393e+00
4.292114272447737910e+00
4.269081983713215678e+00
4.246408452218334517e+00
4.224083128079161753e+00
4.202095866254732748e+00
4.180436905935242642e+00
4.159096851187823241e+00
4.138066652769180287e+00
4.117337591021853704e+00
4.096901259777641968e+00
4.076749551197899279e+00
4.056874641486015065e+00
4.037268977412469262e+00
4.017925263597538432e+00
3.998836450500932838e+00
3.979995723071522828e+00
3.961396490013855853e+00
3.943032373631397469e+00
3.924897200209390036e+00
3.906984990902939270e+00
3.889289953098414632e+00
3.871806472218580986e+00
3.854529103943904467e+00
3.837452566824490319e+00
3.820571735258836643e+00
3.803881632817215586e+00
3.787377425889081106e+00
3.771054417635177902e+00
3.754908042226435594e+00
3.738933859352826516e+00
3.723127548986504998e+00
3.707484906384576728e+00
