9.000000000000000000e+00
8.903946206019568876e+00
8.811463510926623499e+00
8.722323575527083150e+00
8.636318627850005925e+00
8.553259091317594098e+00
8.472971547819627247e+00
8.395296976184583926e+00
8.320089222712326205e+00
8.247213668166526901e+00
8.176546061822923761e+00
8.107971498166094193e+00
8.041383515878319344e+00
7.976683302065664449e+00
7.913778987370959861e+00
7.852585019849436243e+00
7.793021607323518118e+00
7.735014219461916696e+00
7.678493142103075542e+00
7.623393077410477225e+00
7.569652784344373941e+00
7.517214754691449841e+00
7.466024920534447773e+00
7.416032389587978280e+00
7.367189205290381793e+00
7.319450128937790900e+00
7.272772441486314854e+00
7.227115762940347743e+00
7.182441887496818111e+00
7.138714632832902751e+00
7.095899702113379170e+00
7.053964557457627294e+00
7.012878303749173092e+00
6.972611581795074009e+00
6.933136469951614700e+00
6.894426393428238597e+00
6.856456040565641175e+00
6.819201285457902273e+00
6.782639116353614384e+00
6.746747569328781502e+00
6.711505666775046564e+00
6.676893360292294410e+00
6.642891477614697671e+00
6.609481673235175769e+00
6.576646382425077597e+00
6.544368778374437312e+00
6.512632732203612385e+00
6.481422775619875232e+00
6.450724066013137303e+00
6.420522353803192139e+00
6.390803951867568777e+00
6.361555706893874174e+00
6.332764972513976964e+00
6.304419584089525408e+00
6.276507835029271121e+00
6.249018454528555644e+00
6.221940586630381631e+00
6.195263770515635038e+00
6.168977921937428555e+00
6.143073315721331973e+00
6.117540569259340977e+00
6.092370626931136179e+00
6.067554745391170457e+00
6.043084479664907249e+00
6.018951670001739807e+00
5.995148429436034654e+00
5.971667132011341472e+00
5.948500401626075629e+00
5.925641101462008287e+00
5.903082323959639055e+00
5.880817381307097413e+00
5.858839796411543510e+00
5.837143294324195431e+00
5.815721794092096886e+00
5.794569401011593790e+00
5.773680399260106455e+00
5.753049244884470781e+00
5.732670559125430110e+00
5.712539122059285823e+00
5.692649866538942227e+00
5.672997872417669285e+00
5.653578361040070277e+00
5.634386689985602992e+00
5.615418348051039565e+00
5.596668950459029901e+00
5.578134234280732962e+00
5.559810054061232520e+00
5.541692377637139622e+00
5.523777282136405731e+00
5.506060950150976296e+00
5.488539666073465995e+00
5.471209812589566290e+00
5.454067867318355134e+00
5.437110399593147569e+00
5.420334067375963905e+00
5.403735614299029599e+00
5.387311866827158902e+00
5.371059731535200221e+00
5.354976192494987686e+00
5.339058308766633232e+00
