9.000000000000000000e+00
8.840132299585654607e+00
8.689866593508998704e+00
8.548225507171920867e+00
8.414369454821169825e+00
8.287572200108318299e+00
8.167201577178019534e+00
8.052704118278469991e+00
7.943592678300692711e+00
7.839436383978855893e+00
7.739852404684360643e+00
7.644499164038710326e+00
7.553070701079538374e+00
7.465291955996468332e+00
7.380914805068631956e+00
7.299714706949723464e+00
7.221487851077525555e+00
7.146048721028227746e+00
7.073228002747123710e+00
7.002870780972248355e+00
6.934834977713831172e+00
6.868989995018947248e+00
6.805215530930608381e+00
6.743400542916580420e+00
6.683442337378514786e+00
6.625245767373837857e+00
6.568722523558670368e+00
6.513790505720056245e+00
6.460373264211492383e+00
6.408399502217188903e+00
6.357802631110689440e+00
6.308520372292812262e+00
6.260494399832162493e+00
6.213670019021170887e+00
6.167995876627492713e+00
6.123423699185760682e+00
6.079908056155178819e+00
6.037406145178307426e+00
5.995877597027018169e+00
5.955284298122450970e+00
5.915590228774689763e+00
5.876761315511219053e+00
5.838765296056457110e+00
5.801571595692234240e+00
5.765151213874739611e+00
5.729476620110435903e+00
5.694521658204335424e+00
5.660261458091015996e+00
5.626672354543985399e+00
5.593731812133797554e+00
5.561418355871198926e+00
5.529711507029860584e+00
5.498591723694568500e+00
5.468040345626372201e+00
5.438039543076603977e+00
5.408572269217578388e+00
5.379622215889821923e+00
5.351173772394181682e+00
5.323211987082619778e+00
5.295722531524384991e+00
5.268691667044546278e+00
5.242106213450344221e+00
5.215953519777124292e+00
5.190221436900567475e+00
5.164898291875188896e+00
5.139972863871149045e+00
5.115434361592305024e+00
5.091272402068216962e+00
5.067476990721801577e+00
5.044038502622333553e+00
5.020947664840847757e+00
4.998195539831680634e+00
4.975773509769877201e+00
4.953673261779778514e+00
4.931886773995088014e+00
4.910406302395311506e+00
4.889224368367658613e+00
4.868333746947335783e+00
4.847727455692640852e+00
4.827398744154513643e+00
4.807341083903112988e+00
4.787548159076725263e+00
4.768013857420752011e+00
4.748732261786860143e+00
4.729697642064423668e+00
4.710904447518368343e+00
4.692347299509283864e+00
4.674020984573306059e+00
4.655920447840847132e+00
4.638040786774570101e+00
4.620377245208370454e+00
4.602925207670299557e+00
4.585680193973455054e+00
4.568637854059957704e+00
4.551793963083999195e+00
4.535144416720926053e+00
4.518685226690048573e+00
4.502412516479733284e+00
4.486322517263948484e+00
4.470411564000155380e+00
